% Model:              
% Version:            COMSOL 5.2.0.166
% Date:               Apr 11 2017, 16:25
% Table:              Probe Table 2 - 
% alpha                  pi*alpha^2 (1), Point: (0.2, 0)2*pi*Aphi*alpha/(my0*I*n*l) (1), Point: (0.2, 0)
0.01                     3.141592653589793E-4     0.024179514901900564
0.015                    7.068583470577034E-4     0.036269272352850844
0.02                     0.0012566370614359172    0.04835902980380113
0.025                    0.001963495408493621     0.060448787254751404
0.03                     0.0028274333882308137    0.07253854470570169
0.035                    0.003848451000647497     0.08462830215665197
0.04                     0.005026548245743669     0.09671805960760226
0.045000000000000005     0.006361725123519332     0.10880781705855255
0.05                     0.007853981633974483     0.12089757450950281
0.055                    0.009503317777109124     0.1329873319604531
0.060000000000000005     0.011309733552923258     0.1450770894114034
0.065                    0.013273228961416878     0.15716684686235366
0.06999999999999999      0.015393804002589983     0.16925660431330392
0.075                    0.017671458676442587     0.18134636176425423
0.08                     0.020106192982974676     0.1934361192152045
0.08499999999999999      0.02269800692218625      0.20552587666615477
0.09                     0.025446900494077322     0.21761563411710508
0.095                    0.028352873698647883     0.22970539156805533
0.09999999999999999      0.03141592653589793      0.2417951490190056
