% Model:              
% Version:            COMSOL 5.2.0.166
% Date:               Apr 11 2017, 16:16
% Table:              Probe Table 2 - 
% alpha                  pi*alpha^2 (1), Point: (0.2, 0)2*pi*Aphi*alpha/(my0*I*n*l) (1), Point: (0.2, 0)
0                        0                        0
0.05                     0.007853981633974483     0.12089757450950281
0.1                      0.031415926535897934     0.24179514901900562
0.15000000000000002      0.07068583470577036      0.3626927235285085
0.2                      0.12566370614359174      0.48359029803801123
0.25                     0.19634954084936207      0.604487872547514
0.30000000000000004      0.28274333882308145      0.725385447057017
0.35000000000000003      0.38484510006474976      0.8462830215665198
0.4                      0.5026548245743669       0.9671805960760225
0.45                     0.6361725123519332       1.0880781705855254
0.5                      0.7853981633974483       1.208975745095028
0.55                     0.9503317777109126       1.329873319604531
0.6000000000000001       1.1309733552923258       1.450770894114034
0.65                     1.3273228961416876       1.5716684686235365
0.7000000000000001       1.539380400258999        1.6925660431330396
0.75                     1.7671458676442586       1.8134636176425423
0.8                      2.0106192982974678       1.934361192152045
0.8500000000000001       2.269800692218626        2.055258766661548
0.9                      2.5446900494077327       2.1761563411710507
0.9500000000000001       2.8352873698647887       2.2970539156805536
1                        3.141592653589793        2.417951490190056
1.05                     3.463605900582747        2.5388490646995594
1.1                      3.8013271108436504       2.659746639209062
1.1500000000000001       4.154756284372502        2.7806442137185647
1.2000000000000002       4.523893421169303        2.901541788228068
1.25                     4.908738521234052        3.0224393627375705
1.3                      5.3092915845667505       3.143336937247073
1.35                     5.725552611167399        3.2642345117565763
1.4000000000000001       6.157521601035996        3.385132086266079
1.4500000000000002       6.605198554172541        3.5060296607755816
1.5                      7.0685834705770345       3.6269272352850845
1.55                     7.547676350249479        3.7478248097945874
1.6                      8.042477193189871        3.86872238430409
1.6500000000000001       8.552985999398214        3.989619958813593
1.7000000000000002       9.079202768874504        4.110517533323096
1.75                     9.62112750161874         4.231415107832598
1.8                      10.17876019763093        4.3523126823421014
1.85                     10.752100856911069       4.473210256851604
1.9000000000000001       11.341149479459155       4.594107831361107
1.9500000000000002       11.94590606527519        4.715005405870611
2                        12.566370614359172       4.835902980380112
